 1   0.004000 
 2   0.004000 
 3   0.005000 
 4   0.005000 
 5   0.006000 
 6   0.006000 
 7   0.006000 
 8   0.007000 
 9   0.007000 
 10   0.007000 
 11   0.009000 
 12   0.008000 
 13   0.008000 
 14   0.009000 
 15   0.009000 
 16   0.008000 
 17   0.010000 
 18   0.009000 
 19   0.009000 
 20   0.010000 
 21   0.010000 
 22   0.009000 
 23   0.010000 
 24   0.011000 
 25   0.010000 
 26   0.010000 
 27   0.011000 
 28   0.010000 
 29   0.011000 
 30   0.010000 
 31   0.010000 
 32   0.012000 
