1    0.003754
2    0.006662
3    0.008269
4    0.009100
5    0.009637
6    0.010077
7    0.010442
8    0.010768
9    0.011072
10    0.011345
11    0.011605
12    0.011844
13    0.012067
14    0.012282
15    0.012484
16    0.012672
17    0.012854
18    0.013034
19    0.013204
20    0.013365
21    0.013524
22    0.013674
23    0.013829
24    0.013977
25    0.014120
26    0.014258
27    0.014441
28    0.014643
29    0.014792
30    0.014958
31    0.015151
32    0.015305
